1716865882.680750 0.000000
1716865883.696103 0.000000
1716865885.735815 0.000000
1716865887.696635 0.000000
1716865888.698353 0.000000
1716865889.700816 0.000000
1716865890.702687 0.000000
1716865891.705270 0.000000
1716865893.228674 0.000000
1716865894.845275 3.197702
1716865895.944861 6.675622
1716865896.967904 10.387941
1716865898.940649 14.294943
1716865900.974800 18.214719
1716865903.029579 22.136375
1716865904.992308 26.065797
1716865906.963100 29.997222
1716865908.997677 33.929604
1716865910.075730 37.736314
1716865911.972845 41.656917
1716865913.003312 45.317173
1716865915.090703 43.317173
1716865916.995783 41.316699
1716865918.023095 39.316699
1716865920.031977 37.316337
1716865922.109538 35.315987
1716865924.028983 33.310017
1716865925.075975 29.310017
1716865927.042817 25.310017
1716865929.143276 21.310017
1716865931.075003 17.310017
1716865933.064869 13.310017
1716865934.068495 9.310017
1716865935.106985 5.310017
1716865937.064879 1.310017
1716865938.068467 0.000000
1716865940.079327 0.000000
1716865941.139196 0.000000
1716865943.106297 0.000000
1716865945.119386 0.000000
1716865946.125791 0.000000
1716865947.420710 0.000000
1716865949.349206 0.000000
